	      25.6358459 45.6346387 
              25.6358566 45.6349313 
              25.6359854 45.6349838 
              25.6358996 45.6351938 
              25.6362214 45.6356064 
              25.6364145 45.6363191 
              25.636554 45.6390272 
              25.636554 45.6395823 
              25.6364789 45.6400023 
              25.6363287 45.6404299 
              25.6361678 45.6407074 
              25.6358674 45.64118 
              25.6354275 45.6416076 
              25.6283143 45.6482906 
              25.6280246 45.6486581 
              25.6274667 45.6492581 
              25.6275311 45.6494756 
              25.6274131 45.6496556 
              25.6271663 45.6497306 
              25.626662 45.6498956 
              25.6262973 45.6501206 
              25.626029 45.6501656 
              25.6258359 45.6500381 
              25.6254175 45.6499781 
              25.6244948 45.6501281 
              25.6228855 45.6503306 
              25.6208899 45.6504131 
              25.6162014 45.651253 
              25.6160298 45.651388 
              25.6159439 45.6518605 
              25.6148174 45.6538254 
              25.6143775 45.6539604 
              25.6136372 45.6540354 
              25.610719 45.6542378 
              25.6101182 45.6541553 
              25.6088629 45.6534879 
              25.6085839 45.6531504 
              25.6083586 45.6525805 
              25.6081119 45.652513 
              25.6049898 45.6530979 
              25.604904 45.6532704 
              25.604625 45.6532929 
              25.604507 45.6531054 
              25.6045499 45.6528879 
              25.604389 45.652138 
              25.6038096 45.6506681 
              25.6031337 45.6499706 
              25.5988314 45.6487856 
              25.5985525 45.6485456 
              25.5984667 45.6480356 
              25.5983379 45.6475706 
              25.5976191 45.6469555 
              25.5971685 45.646633 
              25.5951729 45.646363 
              25.5945506 45.6463555 
              25.5895724 45.647023 
              25.5890253 45.646933 
              25.588006 45.646078 
              25.5877807 45.645883 
              25.5879524 45.645688 
              25.5881992 45.6456505 
              25.5887571 45.645763 
              25.5893579 45.6456955 
              25.5895188 45.6455755 
              25.5896475 45.6454705 
              25.5898836 45.6454705 
              25.5900338 45.645568 
              25.5906024 45.645538 
              25.5951622 45.6448779 
              25.5962243 45.6448404 
              25.5993893 45.645628 
              25.6011167 45.6467305 
              25.6044963 45.6482306 
              25.6052473 45.6486356 
              25.6088522 45.6508255 
              25.6090453 45.650863 
              25.6091526 45.650983 
              25.6097641 45.651193 
              25.609968 45.6513205 
              25.6111052 45.651673 
              25.611588 45.6517555 
              25.6120923 45.6517705 
              25.6126824 45.6516955 
              25.6134441 45.6515755 
              25.6141308 45.6514555 
              25.6145921 45.651373 
              25.6154611 45.651133 
              25.615665 45.651043 
              25.6158688 45.6510055 
              25.6160727 45.651073 
              25.6163194 45.651043 
              25.6205466 45.6503006 
              25.6210723 45.6502631 
              25.6228211 45.6501956 
              25.6239262 45.6500606 
              25.6252244 45.6498656 
              25.6255784 45.6497906 
              25.6258896 45.6497606 
              25.6260076 45.6497606 
              25.62619 45.6497231 
              25.6264796 45.6496406 
              25.6268552 45.6494531 
              25.6270268 45.6492806 
              25.6275203 45.6487856 
              25.6352773 45.6415026 
              25.6355777 45.6412475 
              25.6358459 45.64088 
              25.6360605 45.6405124 
              25.6362107 45.6401749 
              25.636318 45.6398073 
              25.6363716 45.6393872 
              25.6362214 45.6363116 
              25.6361463 45.635854 
              25.6360069 45.6355614 
              25.6357815 45.6353289 
              25.6359103 45.6350963 
